Point(1000) = { 1.0, 0.0, 0.00000000, 0.005};
Point(1001) = { 0.99654, -0.00021, 0.00000000, 0.005};
Point(1002) = { 0.98619, -0.00066, 0.00000000, 0.005};
Point(1003) = { 0.96907, -0.00091, 0.00000000, 0.005};
Point(1004) = { 0.94552, -0.0005, 0.00000000, 0.005};
Point(1005) = { 0.91612, 0.00085, 0.00000000, 0.005};
Point(1006) = { 0.88154, 0.00322, 0.00000000, 0.005};
Point(1007) = { 0.84239, 0.00663, 0.00000000, 0.005};
Point(1008) = { 0.79936, 0.01104, 0.00000000, 0.005};
Point(1009) = { 0.75314, 0.01637, 0.00000000, 0.005};
Point(1010) = { 0.70447, 0.02249, 0.00000000, 0.005};
Point(1011) = { 0.65412, 0.02922, 0.00000000, 0.005};
Point(1012) = { 0.60283, 0.03631, 0.00000000, 0.005};
Point(1013) = { 0.55138, 0.04346, 0.00000000, 0.005};
Point(1014) = { 0.50052, 0.05022, 0.00000000, 0.005};
Point(1015) = { 0.45073, 0.056, 0.00000000, 0.005};
Point(1016) = { 0.40224, 0.06042, 0.00000000, 0.005};
Point(1017) = { 0.35529, 0.06327, 0.00000000, 0.005};
Point(1018) = { 0.31007, 0.06445, 0.00000000, 0.005};
Point(1019) = { 0.26677, 0.06396, 0.00000000, 0.005};
Point(1020) = { 0.22558, 0.06192, 0.00000000, 0.005};
Point(1021) = { 0.18678, 0.05861, 0.00000000, 0.005};
Point(1022) = { 0.15079, 0.05424, 0.00000000, 0.005};
Point(1023) = { 0.118, 0.04895, 0.00000000, 0.005};
Point(1024) = { 0.08874, 0.04289, 0.00000000, 0.005};
Point(1025) = { 0.0633, 0.0362, 0.00000000, 0.005};
Point(1026) = { 0.04191, 0.02904, 0.00000000, 0.005};
Point(1027) = { 0.02475, 0.02159, 0.00000000, 0.005};
Point(1028) = { 0.01196, 0.01411, 0.00000000, 0.005};
Point(1029) = { 0.00367, 0.00694, 0.00000000, 0.005};
Point(1030) = { 4e-05, 0.0007, 0.00000000, 0.005};
Point(1031) = { 0.00225, -0.00468, 0.00000000, 0.005};
Point(1032) = { 0.01046, -0.01002, 0.00000000, 0.005};
Point(1033) = { 0.0237, -0.0153, 0.00000000, 0.005};
Point(1034) = { 0.04187, -0.02018, 0.00000000, 0.005};
Point(1035) = { 0.06484, -0.02455, 0.00000000, 0.005};
Point(1036) = { 0.09244, -0.02833, 0.00000000, 0.005};
Point(1037) = { 0.12444, -0.03149, 0.00000000, 0.005};
Point(1038) = { 0.16054, -0.03404, 0.00000000, 0.005};
Point(1039) = { 0.2004, -0.03597, 0.00000000, 0.005};
Point(1040) = { 0.2436, -0.03732, 0.00000000, 0.005};
Point(1041) = { 0.28968, -0.03812, 0.00000000, 0.005};
Point(1042) = { 0.33815, -0.03839, 0.00000000, 0.005};
Point(1043) = { 0.38847, -0.03819, 0.00000000, 0.005};
Point(1044) = { 0.44007, -0.03754, 0.00000000, 0.005};
Point(1045) = { 0.49239, -0.03649, 0.00000000, 0.005};
Point(1046) = { 0.54483, -0.03507, 0.00000000, 0.005};
Point(1047) = { 0.59681, -0.03332, 0.00000000, 0.005};
Point(1048) = { 0.64773, -0.03127, 0.00000000, 0.005};
Point(1049) = { 0.69702, -0.02896, 0.00000000, 0.005};
Point(1050) = { 0.74414, -0.02643, 0.00000000, 0.005};
Point(1051) = { 0.78854, -0.02372, 0.00000000, 0.005};
Point(1052) = { 0.82972, -0.02088, 0.00000000, 0.005};
Point(1053) = { 0.86723, -0.01793, 0.00000000, 0.005};
Point(1054) = { 0.90062, -0.01493, 0.00000000, 0.005};
Point(1055) = { 0.92952, -0.0119, 0.00000000, 0.005};
Point(1056) = { 0.95357, -0.00881, 0.00000000, 0.005};
Point(1057) = { 0.97275, -0.00555, 0.00000000, 0.005};
Point(1058) = { 0.98725, -0.00255, 0.00000000, 0.005};
Point(1059) = { 0.99667, -0.00061, 0.00000000, 0.005};


Spline(1000) = {1000:1059,1000};

edge_lc = 0.2;
Point(1900) = { 5, 5, 0, edge_lc};
Point(1901) = { 5, -5, 0, edge_lc};
Point(1902) = { -5, -5, 0, edge_lc};
Point(1903) = { -5, 5, 0, edge_lc};

Line(1) = {1900,1901};
Line(2) = {1901,1902};
Line(3) = {1902,1903};
Line(4) = {1903,1900};

Line Loop (1) = {1,2,3,4};
Line Loop (2) = {1000};
Plane Surface(1) = {1,2};

Extrude {0, 0, 1} {
  Surface{1};
  Layers{1};
  Recombine;
}
Physical Surface("back") = {1027};
Physical Surface("front") = {1};
Physical Surface("top") = {1022};
Physical Surface("exit") = {1010};
Physical Surface("bottom") = {1014};
Physical Surface("inlet") = {1018};
Physical Surface("aerofoil") = {1026};
Physical Volume("internal") = {1};

